 10
Baisha	0.0000	0.1875	0.1753	0.3789	0.3021	0.1875	0.1856	0.1443	0.1340	0.1753
Baocheng	0.1875	0.0000	0.1237	0.4105	0.2784	0.0515	0.1134	0.2062	0.1771	0.1649
Baoding	0.1753	0.1237	0.0000	0.3854	0.2474	0.1649	0.1327	0.1122	0.1649	0.0816
Gelong	0.3789	0.4105	0.3854	0.0000	0.3895	0.3895	0.3958	0.3750	0.4000	0.3854
Heitu	0.3021	0.2784	0.2474	0.3895	0.0000	0.2990	0.2784	0.2577	0.3021	0.2062
Qiandui	0.1875	0.0515	0.1649	0.3895	0.2990	0.0000	0.1237	0.2062	0.1771	0.1856
Tongzha	0.1856	0.1134	0.1327	0.3958	0.2784	0.1237	0.0000	0.1633	0.1753	0.1633
Xifang	0.1443	0.2062	0.1122	0.3750	0.2577	0.2062	0.1633	0.0000	0.1959	0.1531
Yuanmen	0.1340	0.1771	0.1649	0.4000	0.3021	0.1771	0.1753	0.1959	0.0000	0.1753
Zhongsha	0.1753	0.1649	0.0816	0.3854	0.2062	0.1856	0.1633	0.1531	0.1753	0.0000
# # Created using the LexStat class of LingPy-2.6.6
# Partial Cluster: sca_upgma_0.45